101724299
220390957
225817471
801703949
318746607
666722476
850793264
575054823
601434463
124831496
441956483
990308579
66146156
350231215
478072540
954916290
505046227
652094011
605171775
934261682
268857632
552163839
728410449
622849320
29235076
51796891
667449083
132897490
983152774
734208394
171561060
886792852
21974239
802647493
460210035
9305272
128847571
307534535
800591002
428552593
389617874
641187123
321493386
669441909
449948916
498556558
911948016
208923989
751684399
471914276
753403374
655543590
479192873
622521293
898760296
199427501
20636904
907828093
785084034
895339456
819786417
28512349
451910766
384999682
105273626
66431408
382857682
593374602
263584144
948298639
30117587
262016769
897647439
728812092
717688793
515005423
688919260
114399803
161400715
775511991
684002108
549864006
931110394
177300647
217983548
607538510
519353325
1920244
917801735
348234342
213145464
149361017
941300892
981066878
746426820
186889806
455342577
459890507
161440750
159028809
570259060
557126124
789567809
340619485
771804538
494693104
830611723
283803754
985398570
240637075
974598100
686917899
650351858
843528611
371651647
939707316
930099696
798035594
33811465
223707178
514434316
656035965
445753557
623765675
6232306
534953183
727389651
822294233
192551560
628308736
915626145
197367370
324529366
713941330
568608041
138466895
906422827
348329943
750652027
476316018
830185309
645784307
92752825
403054134
32442320
149652840
498378341
328116394
992560050
572053412
543345880
394072682
622296544
503009846
920427757
309544177
546223533
195853902
446728542
643924672
800844810
375662895
78725377
300877918
252735280
13414171
716436501
641916079
184321238
615930768
820605792
118826098
369722050
179946997
249809328
185081800
572192490
452937957
787703005
118452843
321439218
265728176
453215790
190204334
414004361
722896677
417749777
341279007
535834931
996192356
190726218
286127753
806521655
894473450
275627040
335069099
252320288
852827704
491928837